centre_x : -828
centre_y : 207
angular_offset : 0.03774871
scale_factor : 0.001701429
