centre_x : -913
centre_y : 1044
angular_offset : 0.00881370
scale_factor : 0.00168319
