centre_x : -620
centre_y : -764
angular_offset : 0.00711164
scale_factor : 0.00196582
