x_offset : -827.25
y_offset : 212
angular_offset : 0.0469316
scale_factor : 0.00171214
