x_offset : -911.75
y_offset : 1052.75
angular_offset : 0.0229908
scale_factor : 0.00171389
