image_width: 1620
image_height: 1220
camera_name: camera_1
camera_matrix:
  rows: 3
  cols: 3
  data: [1146.63141,    0.     ,  842.89253,
            0.     , 1148.16516,  620.89732,
            0.     ,    0.     ,    1.     ]
distortion_model: plumb_bob
distortion_coefficients:
  rows: 1
  cols: 5
  data: [-0.034339, 0.050031, -0.001142, 0.000805, 0.000000]
rectification_matrix:
  rows: 3
  cols: 3
  data: [1., 0., 0.,
         0., 1., 0.,
         0., 0., 1.]
projection_matrix:
  rows: 3
  cols: 4
  data: [1151.70398,    0.     ,  842.58874,    0.     ,
            0.     , 1152.05127,  618.39506,    0.     ,
            0.     ,    0.     ,    1.     ,    0.     ]
