image_width: 1620
image_height: 1220
camera_name: camera_1
camera_matrix:
  rows: 3
  cols: 3
  data: [1146.631409412627, 0, 842.8925281555281, 0, 1148.165157252636, 620.8973190144991, 0, 0, 1]
distortion_model: plumb_bob
distortion_coefficients:
  rows: 1
  cols: 5
  data: [-0.03433883107402772, 0.05003104496729232, -0.001142337408933022, 0.0008053537804157368, 0]
rectification_matrix:
  rows: 3
  cols: 3
  data: [1, 0, 0, 0, 1, 0, 0, 0, 1]
projection_matrix:
  rows: 3
  cols: 4
  data: [1151.703979492188, 0, 842.5887439638464, 0, 0, 1152.05126953125, 618.3950587766594, 0, 0, 0, 1, 0]